a = 4.0
b = -1.0
c = 15.75
d = 0.9
e = 27680.640625
f = 14 \ 15
g = -17 \ 24
h = 24 \ 35
i = 5 \ 336
47.25
-5.0
40373.11606289064
5 \ 336
